[header]
width=40
height=21
tilewidth=16
tileheight=16
orientation=orthogonal
background_color=0,0,0,255

[tilesets]
tileset=../../../../2D Pixel Dungeon Asset Pack/character and tileset/Dungeon_Tileset.png,16,16,0,0
tileset=../../../../2D Pixel Dungeon Asset Pack/character and tileset/Dungeon_Character.png,16,16,0,0

[layer]
type=Tile Layer 1
data=
11,3,3,4,2,4,2,4,2,2,4,4,2,4,2,4,2,4,3,2,2,3,4,2,2,4,4,4,2,4,4,4,2,3,2,4,4,4,4,36,
11,29,27,8,20,17,30,20,10,7,17,28,29,8,7,28,30,7,7,28,9,17,8,8,29,27,10,30,27,7,7,27,28,9,9,10,30,29,30,36,
11,7,51,45,42,45,42,45,45,42,43,43,42,42,43,45,45,42,42,43,45,45,43,54,18,51,43,43,43,43,42,43,43,45,43,43,42,56,30,16,
11,29,16,11,4,2,2,5,5,4,26,11,4,2,5,2,5,2,3,3,4,26,11,4,18,4,4,3,5,5,5,2,4,2,4,4,26,11,7,36,
11,27,36,21,7,8,20,29,17,28,16,31,17,30,19,9,17,27,19,29,17,16,31,8,9,28,30,17,19,29,29,19,27,10,7,20,16,11,9,26,
31,27,26,21,10,51,45,42,45,42,46,41,54,18,51,42,43,45,54,18,51,46,41,43,43,43,43,42,43,43,54,18,51,42,56,7,26,31,10,36,
31,20,16,21,19,16,11,4,2,2,5,5,4,18,4,26,11,4,4,18,4,5,5,4,3,5,5,5,2,4,4,18,4,26,11,7,36,11,9,36,
31,19,36,21,28,16,21,8,28,8,7,9,9,7,20,16,31,9,18,30,10,9,9,28,8,8,29,18,10,19,7,9,20,16,21,27,16,21,27,36,
31,27,26,11,17,36,21,30,51,45,42,45,42,45,45,46,41,42,45,45,43,43,43,43,42,43,43,45,43,43,42,56,18,36,21,20,16,11,8,26,
21,7,16,31,27,26,11,29,16,11,4,2,2,5,5,4,5,2,5,5,4,3,5,5,5,2,4,2,4,4,26,11,19,26,11,29,36,11,28,36,
21,10,16,21,27,16,31,29,16,31,10,18,18,20,20,29,27,7,27,20,8,29,20,29,27,7,27,20,8,29,16,31,8,16,31,27,36,21,30,16,
21,10,16,21,27,16,31,29,16,31,18,51,42,42,45,43,45,43,42,43,45,43,43,42,42,42,45,42,42,43,46,21,8,16,31,27,36,21,30,16,
11,10,16,31,30,16,21,20,2,4,18,4,3,5,2,2,5,2,2,3,5,26,11,4,4,2,4,3,4,5,2,2,10,16,21,19,16,21,28,36,
31,7,26,31,9,16,31,7,19,28,7,7,28,19,7,18,18,30,27,27,19,16,31,18,9,18,8,29,20,20,29,9,28,16,31,27,36,31,17,26,
21,17,36,21,7,16,41,42,42,45,42,45,43,42,43,45,45,43,42,43,45,46,41,42,42,43,42,42,54,18,51,42,43,46,21,7,36,21,18,36,
21,20,16,31,30,2,4,5,4,3,5,2,2,4,4,26,11,2,2,3,5,2,2,3,3,5,4,4,4,18,4,4,5,2,2,28,26,31,8,36,
21,27,26,31,20,29,8,29,7,10,20,20,17,9,20,16,31,28,27,19,17,20,20,7,10,28,18,30,10,18,27,17,7,8,20,18,36,31,9,16,
31,9,16,41,42,54,18,51,45,43,43,43,42,43,42,46,41,43,45,45,43,42,54,18,51,42,42,42,43,42,42,42,54,18,51,43,46,21,10,16,
21,28,2,4,5,4,18,4,5,2,5,2,4,5,4,5,4,4,4,5,2,2,4,18,4,2,3,3,26,11,4,2,4,18,4,5,2,2,27,16,
31,28,17,20,29,20,7,20,29,20,7,27,7,10,17,17,28,20,20,10,8,19,17,8,18,18,30,9,16,31,30,9,7,18,17,20,19,29,8,36,
41,45,42,45,42,43,43,42,43,45,43,45,45,45,43,45,45,42,43,42,45,45,45,43,43,42,45,45,46,41,42,43,45,45,42,43,42,42,45,46

[Entity]
# Priest
type=Player
location=20,20,1,1

[Entity]
# level3_exit
type=Exit
location=19,11,1,1

[Entity]
# level3_door
type=Door
location=35,2,1,1

[Entity]
# level3_door
type=Door
location=2,2,1,1

[Entity]
# level3_door
type=Door
location=27,5,1,1

[Entity]
# level3_door
type=Door
location=9,17,1,1

[Entity]
# level3_door
type=Door
location=13,14,1,1

[Entity]
# level3_door
type=Door
location=35,20,1,1

[Entity]
# key
type=Key
location=9,5,1,1

[Entity]
# key
type=Key
location=14,17,1,1

[Entity]
# key
type=Key
location=38,11,1,1

[Entity]
# key
type=Key
location=23,5,1,1

[Entity]
# Skull
type=Skull
location=1,20,1,1

[Entity]
# Skull
type=Skull
location=18,2,1,1

[Entity]
# Skull
type=Skull
location=24,2,1,1

[Entity]
# Skull
type=Skull
location=9,2,1,1

[Entity]
# Skull
type=Skull
location=38,7,1,1

[Entity]
# Skull
type=Skull
location=38,13,1,1

[Entity]
# Skull
type=Skull
location=35,12,1,1

[Entity]
# Skull
type=Skull
location=35,8,1,1

[Entity]
# Skull
type=Skull
location=4,10,1,1

[Entity]
# Skull
type=Skull
location=7,11,1,1

[Entity]
# Skull
type=Skull
location=14,14,1,1

[Entity]
# Skull
type=Skull
location=18,14,1,1

[Entity]
# Skull
type=Skull
location=25,11,1,1

[Entity]
# Skull
type=Skull
location=27,20,1,1

[Entity]
# Skull
type=Skull
location=23,14,1,1

[Entity]
# key
type=Key
location=35,5,1,1

