[header]
width=30
height=30
tilewidth=16
tileheight=16
orientation=orthogonal
background_color=0,0,0,255

[tilesets]
tileset=../../../../2D Pixel Dungeon Asset Pack/character and tileset/Dungeon_Tileset.png,16,16,0,0
tileset=../../../../2D Pixel Dungeon Asset Pack/character and tileset/Dungeon_Character.png,16,16,0,0

[layer]
type=Tile Layer 1
data=
31,2,5,5,4,3,5,5,2,3,3,2,4,4,5,4,3,5,2,4,3,4,2,3,2,2,3,3,5,16,
21,27,17,30,8,10,18,29,28,27,7,29,30,18,9,7,29,28,10,18,30,28,9,7,19,20,28,30,27,36,
21,30,17,27,19,19,7,29,9,8,19,30,17,30,10,28,19,20,19,18,29,7,10,30,7,7,27,27,28,26,
11,19,7,30,10,27,17,30,8,30,10,17,10,9,30,17,8,18,29,29,19,28,30,17,30,28,8,27,27,26,
11,8,8,29,28,8,17,29,30,9,18,17,9,18,8,28,20,8,29,9,19,9,29,17,19,10,19,29,7,36,
31,8,28,19,30,27,28,20,8,19,20,17,28,29,7,29,17,19,19,10,20,18,7,17,20,18,30,27,9,26,
21,19,8,19,8,8,27,19,8,27,19,10,18,30,9,17,9,7,28,30,27,27,20,17,17,20,18,29,8,16,
31,20,9,29,27,20,8,7,8,28,29,10,30,9,27,19,29,30,19,17,20,10,9,10,9,30,10,27,10,36,
11,19,18,20,27,17,10,20,19,19,7,8,19,10,29,27,30,27,20,29,19,10,27,19,9,19,27,9,27,16,
11,19,7,17,17,18,8,8,7,27,17,17,7,7,7,10,17,18,8,20,20,10,30,29,17,19,19,10,27,36,
21,19,30,9,18,7,28,9,27,19,17,28,51,45,45,43,42,56,20,28,29,20,8,17,28,9,27,29,7,26,
11,8,28,8,17,20,9,18,17,19,9,7,36,31,4,3,26,11,30,17,18,28,27,17,28,27,17,27,8,26,
31,20,8,9,9,17,7,17,29,27,29,29,42,42,19,32,16,11,20,19,30,10,17,8,18,27,8,9,27,26,
21,10,30,30,10,20,28,29,17,28,28,29,24,7,10,10,16,31,7,30,10,20,29,30,29,29,20,19,19,16,
11,30,8,9,20,27,7,17,9,29,10,10,51,52,42,43,46,21,18,27,10,17,10,20,7,9,20,8,8,26,
21,30,7,18,17,30,28,8,8,30,17,18,42,45,45,43,43,45,27,10,28,8,18,10,18,27,29,9,8,26,
11,18,28,28,30,20,19,9,29,18,27,28,27,7,30,27,20,20,27,27,29,10,17,10,19,17,7,20,8,16,
11,19,30,17,10,27,10,19,20,18,29,30,27,30,7,9,20,10,17,28,8,8,19,18,28,28,8,27,27,36,
21,20,8,28,10,30,20,30,9,29,18,19,29,20,8,19,29,29,29,10,30,7,28,18,7,10,10,18,28,16,
21,27,20,17,29,10,9,9,30,10,17,29,19,30,9,30,17,28,8,30,8,30,10,27,7,9,19,29,10,16,
31,28,20,29,8,9,7,27,30,20,7,7,30,28,17,7,10,9,19,10,18,20,19,27,29,8,17,8,29,16,
31,19,9,18,18,17,19,17,28,17,9,29,7,17,27,9,30,28,8,7,27,9,27,20,30,19,9,7,20,16,
11,20,19,9,9,9,29,10,27,19,7,30,17,29,8,18,17,19,8,8,9,29,30,9,29,8,27,20,28,36,
21,9,27,10,10,19,28,8,7,18,30,8,30,20,18,20,30,20,30,10,28,27,19,27,27,30,17,9,28,36,
11,29,10,20,17,19,19,18,7,17,28,18,19,28,9,17,18,28,17,18,19,29,30,30,30,27,27,9,9,16,
21,17,29,19,20,28,28,9,9,20,17,20,20,18,20,28,7,17,10,9,28,9,30,9,8,19,30,27,8,36,
21,8,9,28,27,7,9,30,28,18,19,17,30,10,28,10,17,18,9,20,19,18,18,29,10,29,7,19,30,26,
31,17,28,29,19,30,30,27,30,30,7,27,28,18,27,18,28,29,27,28,9,9,29,20,18,17,28,7,9,26,
31,9,10,9,18,19,18,8,17,19,10,30,29,9,27,19,8,7,27,19,7,17,27,30,10,9,29,9,17,16,
41,43,43,45,43,42,42,42,45,45,43,45,45,43,42,43,43,42,45,45,45,45,43,42,42,43,45,42,42,46

[Entity]
# Priest
type=Player
location=12,14,1,1

[Entity]
# level2_exit
type=Exit
location=15,13,1,1

[Entity]
# level2_door
type=Door
location=13,14,1,1

[Entity]
# key
type=Key
location=27,3,1,1

[Entity]
# Skull
type=Skull
location=4,4,1,1

[Entity]
# Skull
type=Skull
location=17,4,1,1

[Entity]
# Skull
type=Skull
location=24,9,1,1

[Entity]
# Skull
type=Skull
location=21,18,1,1

[Entity]
# Skull
type=Skull
location=8,24,1,1

[Entity]
# Skull
type=Skull
location=5,18,1,1

[Entity]
# Skull
type=Skull
location=22,23,1,1

[Entity]
# Skull
type=Skull
location=13,26,1,1

[Entity]
# Skull
type=Skull
location=15,20,1,1

[Entity]
# Skull
type=Skull
location=22,26,1,1

[Entity]
# Skull
type=Skull
location=24,12,1,1

[Entity]
# Skull
type=Skull
location=8,7,1,1

[Entity]
# Skull
type=Skull
location=8,11,1,1

[Entity]
# Skull
type=Skull
location=15,8,1,1

[Entity]
# Skull
type=Skull
location=4,22,1,1

[Entity]
# Skull
type=Skull
location=7,10,1,1

[Entity]
# Skull
type=Skull
location=8,14,1,1

[Entity]
# Skull
type=Skull
location=11,19,1,1

[Entity]
# Skull
type=Skull
location=21,12,1,1

[Entity]
# Skull
type=Skull
location=25,17,1,1

[Entity]
# Skull
type=Skull
location=25,24,1,1

[Entity]
# Skull
type=Skull
location=16,26,1,1

[Entity]
# Skull
type=Skull
location=18,21,1,1

[Entity]
# Skull
type=Skull
location=20,5,1,1

[Entity]
# Skull
type=Skull
location=24,5,1,1

